# Training OFM_autoencode_optN # Initial Number of Features: 943
      architecture|           loss_fn|        batch_size|            epochs|     learning_rate|n_bottleneck_ratio|      n_bottleneck|        train_loss|          val_loss|       correlation|       cosine dist|               MAE|              RMSE|                R2|  RMSE zero-vector|
     2.5custom_n_b                mse                 64                300              0.001               0.05                 47          1.005e-05          1.132e-05         0.00238385         0.00235517         0.00083731         0.00336416         0.99123752         0.04004287 
     2.5custom_n_b                mse                 64                300              0.001                0.1                 94           1.45e-05          2.095e-05         0.00353112         0.00348606         0.00082153         0.00457712         0.98386363         0.04004287 
     2.5custom_n_b                mse                 64                300              0.001               0.15                141          2.056e-05          2.664e-05         0.00441544         0.00436352         0.00079034         0.00516136         0.97933056         0.04004287 
     2.5custom_n_b                mse                 64                300              0.001                0.2                188            4.7e-06           8.52e-06         0.00178173         0.00177152         0.00074207         0.00291839         0.99341277         0.04004287 
     2.5custom_n_b                mse                 64                300              0.001               0.25                235          1.556e-05          1.607e-05         0.00349234          0.0034502         0.00075083         0.00400822         0.98759096         0.04004287 
     2.5custom_n_b                mse                 64                300              0.001                0.3                282          4.817e-05           5.38e-05         0.01011349         0.00998374         0.00127799         0.00733463         0.95804259         0.04004287 
     2.5custom_n_b                mse                 64                300              0.001               0.35                330           3.26e-06           5.01e-06         0.00072752         0.00071809         0.00044226          0.0022376         0.99610494         0.04004287 
     2.5custom_n_b                mse                 64                300              0.001                0.4                377           7.25e-06          1.024e-05         0.00177074         0.00174877         0.00060845         0.00320074         0.99213156         0.04004287 
     2.5custom_n_b                mse                 64                300              0.001               0.45                424           5.34e-06           6.53e-06         0.00123616         0.00122171         0.00050764         0.00255559          0.9950251         0.04004287 
     2.5custom_n_b                mse                 64                300              0.001                0.5                471           3.51e-06            4.8e-06         0.00079056         0.00078006          0.0004741         0.00218987         0.99629404         0.04004287 
     2.5custom_n_b                mse                 64                300              0.001               0.55                518           3.12e-05          3.787e-05         0.00648933         0.00641049         0.00101699         0.00615403         0.97050671         0.04004287 
     2.5custom_n_b                mse                 64                300              0.001                0.6                565           8.59e-06          1.041e-05         0.00228394         0.00225409         0.00091572         0.00322697         0.99193257         0.04004287 
     2.5custom_n_b                mse                 64                300              0.001               0.65                612           5.89e-06           6.22e-06         0.00160083         0.00158186         0.00054033         0.00249444          0.9951732         0.04004287 
     2.5custom_n_b                mse                 64                300              0.001                0.7                660            3.8e-06            5.1e-06         0.00086759          0.0008564         0.00051814         0.00225816         0.99608105         0.04004287 
     2.5custom_n_b                mse                 64                300              0.001               0.75                707          5.704e-05          6.208e-05         0.01251123         0.01234944         0.00158381         0.00787911          0.9515715         0.04004287 
     2.5custom_n_b                mse                 64                300              0.001                0.8                754           5.09e-06           6.69e-06         0.00133603         0.00131853         0.00053424          0.0025862          0.9948036         0.04004287 
     2.5custom_n_b                mse                 64                300              0.001               0.85                801          9.858e-05         0.00010283         0.02216733          0.0218751         0.00205451         0.01014067         0.91970734         0.04004287 
     2.5custom_n_b                mse                 64                300              0.001                0.9                848          1.452e-05          1.549e-05         0.00317521         0.00313685         0.00071839         0.00393567         0.98801866         0.04004287 
     2.5custom_n_b                mse                 64                300              0.001               0.95                895            2.5e-05          3.256e-05         0.00534402         0.00528142         0.00089709         0.00570618         0.97466264         0.04004287 
